4294967279,287
221,6
218,2
4294967278,387
224,5
224,4
215,5
4294967278,413
221,5
4294967279,282
218,6
224,6
212,4
215,4
215,6
211,5
218,4
218,5
209,4
209,5
225,5
211,4
4294967279,346
4294967279,532
4294967279,552
4294967278,132
4294967278,130
4294967278,129
4294967278,125
4294967278,346
4294967278,123
4294967278,120
4294967278,118
4294967278,115
4294967278,113
4294967278,112
4294967278,111
4294967278,106
4294967278,104
4294967278,101
4294967278,99
4294967278,87
4294967278,408
4294967278,85
4294967278,82
4294967278,80
4294967278,73
4294967278,71
4294967278,342
4294967278,62
4294967278,407
4294967278,418
4294967279,344
4294967279,548
4294967279,101
4294967279,340
4294967279,94
4294967279,89
4294967279,79
4294967279,61
4294967279,58
4294967279,53
4294967279,285
4294967279,325
4294967279,40
4294967279,330
4294967279,2
4294967279,31
4294967279,29
4294967279,16
4294967279,15
4294967279,6
4294967279,216
4294967278,305
4294967279,13
4294967279,274
4294967294,11
4294967294,68
4294967278,265
4294967279,320
4294967278,302
4294967279,311
4294967279,309
4294967279,313
4294967278,317
4294967279,250
4294967278,306
2529,5
2529,4
2529,3
2529,2
2529,1
4294967279,206
4294967278,299
2528,6
2528,5
2528,4
2528,3
2528,2
2528,1
4294967294,483
4294967278,343
4294967279,307
2525,6
2525,5
2525,4
2525,3
2525,2
2525,1
4294967278,297
4294967294,1016
4294967278,164
4294967278,161
4294967278,160
4294967279,149
2522,6
2522,5
2522,4
4294967279,150
2522,3
2522,2
2522,1
4294967279,242
4294967279,288
4294967279,140
4294967278,136
4294967279,376
4294967279,270
4294967278,288
2519,6
2519,5
4294967279,265
2519,4
2519,3
2519,2
2519,1
4294967278,295
4294967278,262
4294967278,261
4294967278,243
4294967278,324
4294967279,542
2516,4
2516,3
2516,2
2516,1
4294967278,292
4294967278,253
4294967279,245
4294967278,291
2515,5
2515,4
2515,3
2515,2
2515,1
4294967279,233
4294967278,385
4294967294,387
4294967294,414
4294967294,458
4294967294,456
4294967294,189
4294967279,219
4294967279,213
2513,5
2513,4
4294967279,310
2513,3
2513,2
2513,1
4294967278,213
4294967278,211
4294967278,206
4294967278,290
4294967279,207
2511,6
4294967278,341
2511,5
4294967279,202
2511,4
4294967278,201
2511,3
2511,2
2511,1
4294967278,393
4294967279,201
4294967278,200
4294967279,198
2510,5
4294967279,196
2510,4
2510,3
2510,2
2510,1
4294967278,194
4294967278,193
4294967279,564
4294967279,189
4294967278,188
4294967278,187
4294967278,186
4294967294,390
4294967294,120
4294967294,114
2508,5
2508,4
2508,3
2508,2
2508,1
4294967278,173
4294967279,339
4294967279,559
4294967278,170
4294967294,1176
4294967294,1
2506,4
2506,3
2506,2
2506,1
0,7
4294967294,388
4294967278,289
4294967279,562
4294967294,45
4294967294,389
4294967294,44
4294967294,115
4294967294,89
4294967294,1006
4294967294,46
4294967294,1000
4294967294,413
4294967294,1005
4294967294,397
4294967294,108
4294967294,38
4294967278,417
4294967294,96
4294967294,94
4294967278,284
4294967294,8
4294967294,42
4294967294,76
4294967294,36
4294967294,39
4294967294,41
4294967278,131
4294967278,127
4294967278,126
4294967278,124
4294967278,122
4294967278,121
4294967278,400
4294967278,119
4294967278,398
4294967278,117
4294967278,116
4294967278,114
4294967278,110
4294967278,108
4294967278,105
4294967278,396
4294967278,103
4294967278,100
4294967278,98
4294967278,361
4294967278,300
4294967278,95
4294967278,94
4294967278,92
4294967278,91
4294967278,90
4294967278,89
4294967278,86
4294967278,84
4294967278,83
4294967278,81
4294967278,78
4294967278,77
4294967278,76
4294967278,405
4294967278,75
4294967278,74
4294967278,392
4294967278,72
4294967278,69
4294967278,67
4294967278,66
4294967278,65
4294967278,64
4294967278,63
4294967278,404
4294967278,389
4294967278,352
4294967279,269
4294967279,103
4294967279,100
4294967279,98
4294967279,93
4294967279,91
4294967279,85
4294967279,81
4294967279,71
4294967279,69
4294967279,66
4294967279,59
4294967279,52
4294967279,51
4294967279,50
4294967279,48
4294967279,43
4294967279,35
4294967279,34
4294967279,33
4294967279,32
4294967279,30
4294967279,538
4294967279,24
4294967279,22
4294967279,574
4294967279,21
4294967279,20
4294967279,19
4294967279,18
4294967279,17
4294967279,14
4294967279,12
4294967279,11
4294967279,10
4294967279,9
4294967279,8
4294967278,282
4294967278,260
4294967278,386
4294967279,38
4294967278,144
4294967279,306
4294967294,487
2505,5
2505,4
2505,3
2505,2
2505,1
4294967278,251
4294967278,401
2504,6
2504,5
2504,4
2504,3
2504,2
2504,1
4294967279,357
4294967279,249
4294967279,570
4294967279,241
2501,6
2501,5
2501,4
4294967279,243
2501,2
2501,1
4294967278,331
2498,6
2498,5
2498,4
2498,3
2498,2
2498,1
4294967279,199
2495,6
2495,5
2495,4
2495,2
2495,1
4294967279,176
4294967294,109
2492,4
2492,3
2492,2
2492,1
4294967294,486
2491,5
2491,4
2491,3
2491,2
2491,1
4294967278,150
4294967278,140
2489,5
2489,4
2489,3
2489,2
2489,1
4294967279,135
2487,6
2487,5
2487,4
2487,3
2487,2
2487,1
4294967278,268
4294967294,485
2486,5
2486,4
2486,3
2486,2
2486,1
4294967278,319
4294967278,323
2485,3
2485,2
2485,1
4294967278,427
2484,5
4294967278,279
4294967279,560
2484,4
2484,3
2484,2
2484,1
4294967278,244
4294967279,239
4294967278,241
4294967294,484
4294967278,283
4294967278,384
2482,4
2482,3
2482,2
2482,1
4294967278,271
4294967279,521
4294967294,1173
4294967294,112
4294967294,391
4294967294,464
4294967278,314
4294967278,255
225,4
4294967294,1094
4294967294,1012
4294967294,1004
4294967294,995
221,4
4294967294,18
4294967294,127
4294967294,126
4294967294,160
4294967293,131
4294967293,130
4294967293,129
4294967293,128
4294967293,127
4294967293,126
4294967293,125
4294967293,124
4294967293,123
4294967293,122
4294967293,121
4294967293,120
4294967293,119
4294967293,118
4294967293,117
4294967293,116
4294967293,115
4294967293,114
4294967293,113
4294967293,112
4294967293,111
4294967293,110
4294967293,109
4294967293,108
4294967293,107
4294967293,106
4294967293,105
4294967293,104
4294967293,103
4294967293,102
4294967293,101
4294967293,100
4294967293,99
4294967293,98
4294967293,97
4294967293,96
4294967293,95
4294967293,94
4294967293,93
4294967293,92
4294967293,91
4294967293,90
4294967293,89
4294967293,87
4294967293,86
4294967293,85
4294967293,84
4294967293,83
4294967293,82
4294967293,81
4294967293,80
4294967293,79
4294967293,78
4294967293,77
4294967293,76
4294967293,75
4294967293,74
4294967293,73
4294967293,72
4294967293,71
4294967293,70
4294967293,69
4294967293,68
4294967293,67
4294967293,66
4294967293,65
4294967293,64
4294967293,63
4294967293,62
4294967293,61
4294967293,60
4294967293,59
4294967293,58
4294967293,57
4294967293,56
4294967293,55
4294967293,54
4294967293,53
4294967293,52
4294967293,51
4294967293,50
4294967293,49
4294967293,48
4294967293,47
4294967293,46
4294967293,45
4294967293,44
4294967293,43
4294967293,42
4294967293,41
4294967293,40
4294967293,39
4294967293,38
4294967293,37
4294967293,36
4294967293,35
4294967293,34
4294967293,33
4294967293,32
4294967293,31
4294967293,30
4294967293,29
4294967293,28
4294967293,27
4294967293,26
4294967293,25
4294967293,24
4294967293,23
4294967293,22
4294967293,21
4294967293,20
4294967293,19
4294967293,18
4294967293,17
4294967293,16
4294967293,15
4294967293,14
4294967293,13
4294967293,12
4294967293,11
4294967293,10
4294967293,9
4294967293,8
4294967293,7
4294967293,6
4294967293,5
4294967293,4
4294967293,3
4294967278,109
4294967278,107
4294967278,102
4294967278,97
4294967278,93
4294967278,70
4294967278,56
4294967278,54
4294967278,397
4294967278,51
4294967278,49
4294967278,40
4294967278,38
4294967278,35
4294967278,26
4294967278,312
4294967278,21
4294967278,388
4294967278,15
4294967279,129
4294967279,96
4294967279,95
4294967279,90
4294967279,332
4294967279,334
4294967279,572
4294967279,260
4294967279,7
4294967279,5
4294967279,4
4294967279,326
4294967279,305
4294967279,549
4294967278,196
4294967278,79
4294967278,336
2481,5
2481,4
2481,3
2481,2
2481,1
4294967279,303
4294967294,999
4294967294,1014
4294967294,1425
2480,6
2480,5
2480,4
2480,3
2480,2
2480,1
4294967278,162
4294967278,46
4294967278,275
4294967278,42
4294967278,154
2477,6
2477,5
2477,4
2477,2
2477,1
4294967278,37
4294967294,119
4294967278,146
4294967278,272
4294967279,143
4294967279,272
4294967278,134
4294967278,276
4294967278,269
2474,6
2474,5
2474,4
2474,3
2474,2
2474,1
4294967278,266
4294967278,13
4294967278,12
4294967278,245
4294967278,355
4294967278,264
4294967278,285
4294967278,259
4294967279,254
4294967279,316
4294967278,128
4294967278,349
4294967279,535
4294967279,315
4294967279,566
4294967278,294
2471,6
2471,5
2471,4
2471,2
2471,1
4294967279,301
4294967278,240
4294967279,237
4294967278,344
4294967279,236
4294967279,235
4294967279,227
4294967278,235
4294967294,163
4294967294,996
4294967279,217
2468,4
2468,3
2468,2
2468,1
4294967279,102
4294967278,335
4294967278,412
4294967279,99
4294967279,211
4294967279,295
4294967279,97
4294967278,96
4294967278,205
2467,5
2467,4
2467,3
2467,2
2467,1
4294967294,81
4294967294,50
4294967278,231
4294967278,256
4294967294,37
4294967278,383
4294967294,1423
4294967278,189
2465,5
2465,4
2465,3
2465,2
2465,1
4294967294,40
4294967279,188
4294967294,1001
4294967294,186
4294967294,1421
4294967279,297
4294967278,382
4294967278,2
4294967278,88
4294967279,312
2463,6
4294967278,446
4294967294,29
4294967294,28
4294967294,92
4294967294,91
4294967294,90
4294967294,88
4294967294,87
4294967294,86
4294967294,85
4294967294,1175
4294967294,1017
4294967294,1174
4294967294,419
4294967294,27
4294967294,1422
4294967294,427
4294967279,296
4294967279,0
4294967278,68
4294967278,298
4294967278,381
2463,5
4294967294,22
4294967294,93
4294967294,95
4294967294,17
4294967294,99
4294967294,52
4294967294,1018
4294967294,26
4294967294,1419
4294967294,83
4294967294,9
4294967294,107
4294967294,67
4294967294,436
4294967294,43
4294967294,53
4294967294,417
4294967294,51
4294967294,0
4294967294,2
4294967294,25
4294967294,84
4294967294,1098
4294967294,1101
4294967294,82
4294967279,179
2463,4
2463,3
2463,2
2463,1
2462,5
2462,4
2462,3
2462,2
2462,1
4294967279,164
2461,4
2461,3
2461,2
2461,1
4294967278,47
4294967294,1091
4294967294,1095
4294967294,1093
2460,5
2460,4
2460,3
2460,2
2460,1
4294967279,294
4294967279,146
4294967294,474
4294967278,145
2458,4
2458,3
2458,2
2458,1
4294967279,293
4294967294,398
4294967294,415
4294967294,183
4294967294,405
4294967294,118
4294967279,557
4294967278,25
4294967278,24
4294967278,23
4294967279,292
4294967279,372
4294967278,18
4294967278,363
4294967279,275
4294967278,217
2457,5
4294967279,319
2457,4
2457,3
2457,2
2457,1
4294967279,318
4294967279,314
4294967294,481
2456,6
2456,5
2456,4
4294967279,247
2456,3
2456,2
2456,1
4294967279,291
4294967294,392
4294967278,230
4294967279,229
4294967279,221
4294967278,212
4294967279,212
2453,6
4294967278,208
2453,5
4294967279,208
2453,4
2453,2
2453,1
4294967279,92
4294967279,203
4294967294,1009
4294967294,1011
4294967279,195
4294967294,400
4294967294,451
4294967294,479
4294967294,164
4294967279,190
4294967278,370
2450,6
2450,5
2450,4
2450,3
2450,2
2450,1
4294967279,571
4294967279,551
4294967278,178
4294967279,286
4294967294,480
4294967278,221
4294967279,323
4294967278,313
0,5
4294967294,5
4294967278,53
4294967278,163
4294967294,1424
4294967294,437
4294967294,482
4294967278,347
4294967294,1420
4294967294,7
4294967279,159
2447,6
2447,5
2447,4
2447,2
2447,1
4294967279,335
2444,4
2444,3
2444,2
2444,1
4294967279,134
2443,5
4294967278,287
2443,4
2443,3
2443,2
2443,1
4294967278,303
4294967278,137
4294967278,59
4294967278,57
4294967278,55
4294967278,50
4294967278,379
4294967278,45
4294967278,44
4294967278,43
4294967278,41
4294967278,36
4294967278,33
4294967278,31
4294967278,30
4294967278,29
4294967278,28
4294967278,27
4294967278,22
4294967278,14
4294967278,11
4294967278,10
4294967278,9
4294967278,5
4294967278,174
4294967279,132
4294967279,128
4294967279,522
4294967279,122
4294967279,121
4294967279,120
4294967279,119
4294967279,117
4294967279,116
4294967279,115
4294967279,110
4294967279,108
4294967279,107
4294967279,106
4294967279,105
4294967279,268
4294967279,62
4294967279,545
4294967279,60
4294967279,57
4294967279,55
4294967279,49
4294967279,46
4294967279,42
4294967279,41
4294967279,27
4294967279,25
4294967279,23
4294967278,8
2441,5
2441,4
4294967279,253
2441,3
2441,2
2441,1
4294967279,127
2439,6
2439,5
2439,4
4294967278,248
2439,3
2439,2
2439,1
4294967278,246
4294967279,118
2438,5
2438,4
2438,3
2438,2
2438,1
4294967279,104
4294967279,290
4294967279,284
4294967279,527
2436,5
2436,4
2436,3
2436,2
2436,1
4294967278,378
4294967294,1013
4294967294,161
4294967278,203
4294967279,547
4294967278,354
2434,4
2434,3
2434,2
2434,1
4294967278,376
4294967279,358
4294967278,373
4294967279,80
4294967294,168
4294967294,169
4294967294,386
4294967279,78
4294967278,371
4294967278,0
4294967294,1003
4294967278,360
4294967278,184
4294967294,6
4294967278,368
4294967279,283
4294967279,524
4294967279,281
2433,5
2433,4
2433,3
2433,2
2433,1
4294967279,278
4294967279,276
4294967294,505
4294967279,517
4294967278,367
2432,6
2432,5
2432,4
2432,3
2432,2
2432,1
4294967278,143
4294967279,141
4294967278,141
4294967278,364
2429,6
2429,5
2429,4
2429,2
2429,1
4294967278,362
4294967279,258
4294967278,278
4294967278,258
4294967278,321
2426,6
2426,5
2426,4
2426,3
2426,2
2426,1
4294967279,533
4294967278,222
2423,6
2423,5
2423,4
4294967278,207
2423,2
2423,1
4294967279,204
4294967278,202
4294967278,198
4294967279,194
2420,4
2420,3
2420,2
2420,1
4294967279,331
4294967278,444
4294967279,317
4294967279,266
4294967278,185
2419,5
2419,4
2419,3
2419,2
2419,1
4294967278,442
4294967279,289
4294967294,187
4294967294,399
4294967294,167
4294967294,191
4294967294,110
4294967294,416
4294967294,457
4294967279,169
2417,5
4294967278,165
2417,4
2417,3
2417,2
2417,1
4294967279,161
4294967294,504
2415,6
4294967279,154
4294967278,286
2415,5
2415,4
2415,3
2415,2
2415,1
4294967294,503
2414,5
2414,4
2414,3
2414,2
2414,1
4294967279,139
4294967278,139
4294967279,383
2412,5
2412,4
2412,3
2412,2
2412,1
4294967279,280
4294967278,351
4294967279,530
4294967294,502
2410,4
2410,3
2410,2
2410,1
4294967294,162
4294967294,1092
4294967294,190
4294967294,396
4294967294,407
4294967294,406
4294967294,460
4294967294,402
4294967279,558
4294967278,250
4294967278,369
4294967279,327
4294967278,380
4294967278,375
4294967278,332
4294967278,60
4294967278,58
4294967278,440
4294967278,19
4294967278,17
4294967278,16
4294967278,6
4294967278,4
4294967279,131
4294967279,130
4294967279,126
4294967279,125
4294967279,124
4294967279,123
4294967279,114
4294967279,113
4294967279,111
4294967279,528
4294967279,87
4294967279,83
4294967279,82
4294967279,75
4294967279,70
4294967279,68
4294967279,67
4294967279,65
4294967279,64
4294967279,553
4294967279,54
4294967279,47
4294967279,45
4294967279,370
4294967279,44
4294967279,539
4294967279,36
4294967279,112
4294967279,298
4294967278,228
4294967279,361
4294967278,224
4294967279,380
2409,5
2409,4
2409,3
2409,2
2409,1
4294967279,531
4294967278,280
4294967279,378
4294967279,191
4294967279,76
2408,6
2408,5
2408,4
2408,3
2408,2
2408,1
4294967279,73
4294967279,178
4294967278,177
4294967279,177
4294967278,334
4294967279,56
4294967279,167
2405,6
2405,5
2405,4
2405,2
2405,1
4294967279,158
4294967278,350
4294967278,153
4294967279,381
4294967278,147
4294967279,142
4294967278,142
2402,6
2402,5
2402,4
2402,3
2402,2
2402,1
4294967278,340
4294967278,273
4294967279,264
4294967279,277
4294967278,270
4294967278,267
4294967278,281
4294967278,7
2399,6
2399,5
2399,4
2399,2
2399,1
4294967278,338
4294967294,501
4294967279,300
4294967278,237
2396,4
2396,3
2396,2
2396,1
4294967279,109
4294967278,226
4294967279,214
2395,5
2395,4
2395,3
2395,2
2395,1
4294967294,500
4294967279,86
4294967279,382
4294967278,423
4294967278,337
2393,5
2393,4
2393,3
2393,2
2393,1
4294967278,197
4294967279,197
4294967278,195
4294967279,193
2391,6
4294967278,191
2391,5
2391,4
2391,3
2391,2
2391,1
4294967279,187
4294967294,409
4294967294,395
4294967294,385
4294967294,459
4294967294,461
4294967294,404
4294967279,186
4294967278,183
4294967279,185
4294967278,249
2390,5
2390,4
2390,3
2390,2
2390,1
4294967294,499
4294967279,180
4294967278,179
4294967279,267
4294967278,263
4294967279,172
4294967278,171
4294967279,171
4294967279,166
4294967278,329
4294967279,337
4294967278,166
2388,5
4294967278,328
2388,4
2388,3
2388,2
2388,1
4294967278,159
4294967278,48
4294967278,403
4294967279,160
4294967278,157
4294967279,157
4294967278,156
4294967294,498
4294967278,39
4294967279,321
4294967279,152
2386,4
4294967278,152
2386,3
2386,2
2386,1
4294967278,327
4294967279,151
4294967278,151
4294967279,333
4294967278,359
4294967278,215
4294967279,523
4294967278,348
4294967278,34
4294967278,357
4294967278,32
4294967294,393
4294967278,377
4294967278,356
4294967279,240
4294967278,138
4294967294,12
4294967294,182
4294967294,421
4294967294,450
4294967294,116
2385,5
2385,4
2385,3
2385,2
2385,1
4294967278,410
4294967278,20
4294967278,406
4294967279,379
4294967279,353
4294967279,26
4294967279,174
4294967279,238
4294967278,326
4294967279,375
2384,6
2384,5
2384,4
2384,3
2384,2
2384,1
4294967279,374
4294967279,252
2381,6
2381,5
2381,4
2381,2
2381,1
4294967278,437
4294967294,497
4294967279,77
2378,6
4294967279,192
2378,5
2378,4
2378,3
2378,2
2378,1
4294967279,513
4294967279,74
4294967279,72
4294967279,230
4294967279,183
4294967279,182
4294967278,181
4294967278,61
4294967279,246
4294967278,172
4294967294,1418
4294967294,1088
4294967294,1002
4294967279,168
2375,6
2375,5
2375,4
2375,2
2375,1
4294967279,520
4294967279,162
4294967278,441
4294967279,373
4294967278,330
4294967279,39
4294967279,148
2372,4
4294967278,148
2372,3
2372,2
2372,1
4294967278,433
4294967279,244
4294967294,496
4294967279,138
2371,5
2371,4
2371,3
2371,2
2371,1
4294967278,277
4294967278,133
4294967279,271
4294967278,432
4294967278,274
4294967278,325
4294967279,261
2369,5
2369,4
2369,3
2369,2
2369,1
4294967279,519
4294967278,353
4294967279,257
4294967279,256
2367,6
4294967278,257
2367,5
4294967279,543
2367,4
2367,3
2367,2
2367,1
4294967278,320
4294967294,495
2366,5
2366,4
2366,3
2366,2
2366,1
4294967279,248
4294967278,374
4294967279,343
4294967278,238
4294967278,234
4294967279,368
4294967279,360
2364,5
4294967278,366
2364,4
2364,3
2364,2
2364,1
4294967294,465
4294967294,175
4294967294,455
4294967279,366
4294967279,365
4294967294,494
4294967279,364
2362,4
2362,3
2362,2
2362,1
4294967278,439
4294967278,322
4294967278,438
4294967278,415
4294967279,363
4294967278,436
4294967279,348
4294967278,435
4294967279,232
4294967278,409
4294967279,338
4294967278,390
4294967279,369
4294967278,182
4294967278,180
4294967279,526
4294967278,293
2361,5
2361,4
2361,3
2361,2
2361,1
4294967279,163
2360,6
2360,5
2360,4
2360,3
2360,2
2360,1
4294967278,149
4294967279,350
4294967278,434
4294967278,431
2357,6
2357,5
2357,4
2357,2
2357,1
4294967279,263
4294967279,262
2354,6
2354,5
2354,4
2354,3
2354,2
2354,1
4294967294,472
4294967294,411
4294967278,428
4294967278,236
4294967278,426
4294967278,220
2351,6
2351,5
4294967278,218
2351,4
2351,2
2351,1
4294967278,216
4294967279,342
4294967279,540
4294967278,209
4294967279,302
4294967278,395
2348,4
2348,3
2348,2
2348,1
4294967279,349
4294967278,301
4294967278,192
4294967278,190
2347,5
2347,4
2347,3
2347,2
2347,1
4294967279,184
4294967279,181
4294967278,176
4294967278,175
2345,5
2345,4
2345,3
2345,2
2345,1
4294967278,169
4294967294,493
4294967278,168
4294967278,167
2343,6
4294967279,165
4294967278,430
2343,5
2343,4
2343,3
2343,2
2343,1
4294967279,371
4294967294,424
4294967294,492
2342,5
4294967279,155
2342,4
2342,3
2342,2
2342,1
4294967279,153
4294967279,147
2341,3
2341,2
2341,1
4294967278,414
4294967294,1007
4294967294,997
4294967294,173
2340,5
2340,4
2340,3
2340,2
2340,1
4294967279,133
4294967279,299
4294967294,491
2338,4
2338,3
2338,2
2338,1
4294967279,273
4294967278,296
4294967279,328
4294967279,308
4294967278,365
4294967279,359
4294967278,318
4294967294,178
4294967294,420
4294967294,466
4294967294,412
4294967294,454
4294967294,462
4294967294,463
4294967279,512
4294967279,345
4294967278,52
4294967279,84
4294967279,63
4294967279,37
4294967279,28
4294967294,1426
4294967278,421
4294967278,391
4294967278,345
4294967278,420
4294967279,362
4294967278,416
2337,5
2337,4
2337,3
2337,2
2337,1
4294967279,356
4294967279,215
2336,6
2336,5
2336,4
2336,3
2336,2
2336,1
4294967279,355
4294967279,200
2333,6
2333,5
2333,4
2333,2
2333,1
4294967294,998
4294967278,422
4294967279,175
4294967279,170
2330,6
2330,5
2330,4
2330,3
2330,2
2330,1
4294967279,352
4294967278,155
4294967279,145
4294967279,144
4294967279,347
4294967279,136
2327,6
2327,5
2327,4
2327,2
2327,1
4294967278,394
4294967279,279
2324,4
2324,3
2324,2
2324,1
4294967278,411
4294967279,255
4294967294,170
4294967294,176
4294967294,1089
4294967294,185
4294967294,180
4294967294,418
4294967278,402
2323,5
2323,4
2323,3
2323,2
2323,1
4294967294,490
4294967278,242
2321,5
4294967278,232
2321,4
4294967279,231
2321,3
2321,2
2321,1
4294967279,225
4294967279,223
4294967279,573
2319,6
4294967278,214
4294967279,304
2319,5
2319,4
4294967278,210
2319,3
2319,2
2319,1
4294967279,210
4294967279,209
2318,5
4294967279,205
4294967278,204
2318,4
2318,3
2318,2
2318,1
4294967294,489
2316,5
4294967279,341
2316,4
2316,3
2316,2
2316,1
4294967279,336
2314,4
2314,3
2314,2
2314,1
4294967278,399
4294967278,372
4294967278,358
4294967294,1172
4294967294,179
4294967294,403
4294967294,384
4294967294,408
4294967279,367
2313,5
2313,4
2313,3
2313,2
2313,1
4294967294,1015
4294967278,135
2312,6
2312,5
2312,4
2312,3
2312,2
2312,1
2309,6
2309,5
2309,4
2309,2
2309,1
2306,6
2306,5
2306,4
2306,3
2306,2
2306,1
4294967278,199
2303,6
